<html><head>
<META http-equiv="Content-Type" content="text/html;charset=ISO-8859-1">
<meta http-equiv="Content-Type" content="text/html; charset=ISO-8859-1"><title>eBay.co.uk Shop - execeurope: HI VIS CLOTHING: EMERGENCY SERVICE TAPE REFLECTIVE TAPE HI VIS TAPE C66</title><meta name="description" content="execeurope: HI VIS CLOTHING - EMERGENCY SERVICE TAPE REFLECTIVE TAPE HI VIS TAPE C66, OBSOLETE POLICE, SECURI TY HI VIS JACKET, COAT B273, OBSOLETE POLICE HI VIS GORTEX OVER TROUSERS M B248, and - all at low prices"><meta name="keywords" content="hi vis clothing, emergency service tape reflective tape hi vis tape c66, hi vis clothing, ebay, ebay store, ebay shop, ebay.co.uk, UK"><meta name="XslBuildInfo" content="2007-04-23 19:14:08,,, vo.rusqv641,RcmdId StoreFront,RlogId p4pqiufvoiwi%3C%3Dsm%2Bppqtt364-112540f89ae"><meta name="Arg1" content="vo.rusqv641"><link rel="alternate" type="application/rss+xml" title="eBay Store" href="http://rss.api.ebay.com/ws/rssapi?FeedName=StoreItems&amp;siteId=3&amp;language=en-GB&amp;output=RSS20&amp;storeId=191957955"><script type="text/javascript" language="JavaScript"><!-- 
							function popup(url) {
							var target='blank';
							var h=400;
							var w=400;
							LeftPosition=(screen.width)?(screen.width-w)/2:0;
							TopPosition=(screen.height)?(screen.height-h)/2:0;					settings='height='+h+',width='+w+',top='+TopPosition+',left='+LeftPosition+',scrollbars='+'yes'+',resizable='+'no'+'';
							win=window.open(url,target,settings);
							win.focus();
						    }
						//--></script><link type="text/css" href="http://include.ebaystatic.com/css/e509/uk/finding/stores_e5091uk.css" media="all" rel="stylesheet"><script type="text/javascript" language="JavaScript">
                  		  //SP021904 - Variable used inside cobrand_load.js, used for hiding the partner header
                  		  //				When this variable is set to true: it hides the cobrand header.
                  		  //				However, it converts all the links etc to cobranded.
                  		  var noCobrandHeader = true;
				</script></head><body><a name="top"> </a><div id="ebx_layer" style="display:none;"> </div><!--Header code starts--><!--2007-04-23 19:14:08,,, vo.rusqv641,RcmdId StoreFront,RlogId p4pqiufvoiwi%3C%3Dsm%2Bppqtt364-112540f89ae--><noscript><link rel="stylesheet" type="text/css" href="http://include.ebaystatic.com/css/e509/uk/legacy/ebay_e5091uk.css"></noscript><script type="text/javascript" language="JavaScript1.1">includeHost = 'http://include.ebaystatic.com/';
		
			 cmdName='StoreFront';
		</script><script src="http://include.ebaystatic.com/js/e509/uk/ebaybase_e5092uk.js"> </script><script src="http://include.ebaystatic.com/js/e509/uk/ebaysup_e5092uk.js"> </script><script type="text/javascript" language="JavaScript1.1">
			ebay.oDocument._getControl("headerCommon")._exec("writeStyleSheet");
				</script><div id="cobrandHeader"> </div><span class="ebay"><form class="nomargin" method="get" name="headerSearch" onsubmit="ebay.oDocument._getControl('searchHeader')._exec('submitHeaderSearch', this, 'http://search.ebay.co.uk', '003', 'Start new search');" action="http://search.ebay.co.uk/search/search.dll"><input type="hidden" name="from" value="R40"><table border="0" cellpadding="0" cellspacing="0" width="100%"><tr valign="top"><td width="0%"><script type="text/javascript" language="JavaScript1.1">ebay.oDocument._getControlEx("cobrandCollection")._exec("writeBrow");</script><a href="http://www.ebay.co.uk/"><img src="http://pics.ebaystatic.com/aw/pics/uk/logos/logoEbay_150x70.gif" alt="From collectables to cars, buy and sell all kinds of items on eBay UK" title="From collectables to cars, buy and sell all kinds of items on eBay UK" border="0"></a></td><td width="0%"><img src="http://pics.ebaystatic.com/aw/pics/s.gif" width="10" height="1"></td><td height="28" width="100%" valign="bottom"><table bgcolor="#EFEFEF" border="0" cellpadding="0" cellspacing="0" height="28" width="100%"><tr><td height="28" valign="top" width="0%"><img src="http://pics.ebaystatic.com/aw/pics/navbar/topLeft_12x12.gif" width="12" height="12"></td><td class="novisited" nowrap width="100%"><span class="pipe"><a href="http://www.ebay.co.uk/">home</a> | <a href="http://my.ebay.co.uk/ws/eBayISAPI.dll?MyeBay&amp;CurrentPage=MyeBayWon&amp;SubmitAction.ChangeFilter=x&amp;View=Won&amp;NewFilter=WaitPayment#Won">pay</a><span><script type="text/javascript" language="JavaScript1.1">ebay.oDocument._getControl("signIn")._exec("writeLink","register","https://scgi.ebay.co.uk/ws/eBayISAPI.dll?RegisterEnterInfo","","",null,null,null);</script><noscript> | <a href="https://scgi.ebay.co.uk/ws/eBayISAPI.dll?RegisterEnterInfo">register</a></noscript></span><span><script type="text/javascript" language="JavaScript1.1">
			ebay.oDocument._getControl("signIn")._exec("writeLink","sign in","http://signin.ebay.co.uk/ws/eBayISAPI.dll?SignIn&ssPageName=h:h:sin:UK","sign out","http://signin.ebay.co.uk/ws/eBayISAPI.dll?SignIn&ssPageName=h:h:sout:UK",null,null,null);</script><noscript> | <a href="http://signin.ebay.co.uk/ws/eBayISAPI.dll?SignIn" class="novisited">sign in/out</a></noscript></span> | <a href="http://pages.ebay.co.uk/sitemap.html">site map</a></span></td><td width="0%"><img src="http://pics.ebaystatic.com/aw/pics/s.gif" width="20" height="1"></td><td align="right" nowrap valign="bottom" width="0%"><span class="ebay"><script language="JavaScript">ebay.oDocument._getControl("searchHeader")._exec("writeSearch","Start new search","20", "standard");</script><noscript><input type="text" class="prefill" maxlength="300" name="satitle" size="20"></noscript><img src="http://pics.ebaystatic.com/aw/pics/s.gif" width="1" height="1"><input type="submit" class="standard" value="Search"></span></td><td valign="top"><img src="http://pics.ebaystatic.com/aw/pics/navbar/topRight_12x12.gif" width="12" height="12"></td></tr></table><table bgcolor="#EFEFEF" border="0" cellpadding="0" cellspacing="0" height="24" width="100%"><tr><td height="24" nowrap valign="bottom" width="100%"><a href="http://hub.ebay.co.uk/buy"><img border="0" alt="Shop for items" title="Shop for items" src="http://pics.ebaystatic.com/aw/pics/uk/navbar/buyOn.gif" align=""></a><a href="http://sell.ebay.co.uk/sell"><img border="0" alt="Sell your item" title="Sell your item" src="http://pics.ebaystatic.com/aw/pics/uk/navbar/sell.gif" align=""></a><a href="http://my.ebay.co.uk/ws/eBayISAPI.dll?MyeBay"><img border="0" alt="Track your eBay activities" title="Track your eBay activities" src="http://pics.ebaystatic.com/aw/pics/uk/navbar/myebay.gif" align=""></a><a href="http://hub.ebay.co.uk/community"><img border="0" alt="Learn, connect, and stay informed-for business and for fun" title="Learn, connect, and stay informed-for business and for fun" src="http://pics.ebaystatic.com/aw/pics/uk/navbar/comm.gif" align=""></a><a href="http://pages.ebay.co.uk/help/index.html"><img border="0" alt="Get help, find answers and contact Customer Support" title="Get help, find answers and contact Customer Support" src="http://pics.ebaystatic.com/aw/pics/uk/navbar/help.gif" align=""></a></td><td align="right" class="novisited" nowrap valign="top"><span class="ebay"><a class="standard" style="margin:0 12px 0 10px;display:block" href="http://search.ebay.co.uk/ws/search/AdvSearch?sofindtype=1&amp;ssPageName=h:h:advsearch:Uk">Advanced Search</a></span></td></tr><tr><td bgcolor="#000099" colspan="4" height="1"><img src="http://pics.ebaystatic.com/aw/pics/s.gif" height="1"></td></tr></table><table border="0" cellpadding="0" cellspacing="0" width="100%"><tr valign="top"><td class="navigation" nowrap><br><table border="0" cellspacing="0" cellpadding="0"><tr><td></td></tr></table><script language="JavaScript">
														if(!document.layers){document.write('<img src="http://pics.ebaystatic.com/aw/pics/s.gif" width="1" height="5">');}
												</script><noscript><img src="http://pics.ebaystatic.com/aw/pics/s.gif" width="1" height="5"></noscript></td><td width="0%"><img src="http://pics.ebaystatic.com/aw/pics/s.gif" width="10" height="1"></td><td align="right" width="0%"></td></tr></table></td></tr></table></form></span><!--Header code ends--><script type="text/javascript" language="JavaScript1.1" src="http://include.ebaystatic.com/js/e509/uk/features/stores/mystores_e5092uk.js"> </script><p></p><table border="0" cellpadding="0" cellspacing="0" width="100%"><tr><td height="20" class="navigation"> <a href="http://www.ebay.co.uk/">Home</a> &gt; <a href="http://stores.ebay.co.uk/">eBay Shops</a> &gt; <a href="http://stores.ebay.co.uk/execeurope_W0QQcolZ4QQdirZ1QQfclZ3QQfsubZQ2d33QQftidZ2QQlnsZ2QQtZkm">execeurope</a> &gt; <b><h1 class="navigation ens">HI VIS CLOTHING</h1></b></td><td align="right"><a href="http://my.ebay.co.uk/ws/eBayISAPI.dll?AcceptSavedSeller&amp;sellerid=execeurope&amp;ssPageName=STRK:MEFS:ADDSTR">Add to My Favourite Shops</a> | <a href="http://my.ebay.co.uk/ws/eBayISAPI.dll?AcceptSavedSeller&amp;sellerid=execeurope&amp;ssPageName=STRK:MEFS:ADDSTR">Sign up for Shop newsletter</a></td></tr><tr><td height="1" colspan="2" bgcolor="#999999"><img src="http://pics.ebaystatic.com/aw/pics/s.gif" width="1" height="1"></td></tr><tr><td height="8" colspan="2"><img src="http://pics.ebaystatic.com/aw/pics/s.gif" width="1" height="1"></td></tr></table><table cellpadding="0" cellspacing="0" border="0" width="100%"><tbody><tr><td><table width="100%" border="0" cellspacing="0" cellpadding="0"><tr><td width="15" height="26" bgcolor="D54A4F"><img src="http://pics.ebaystatic.com/aw/pics/spacer.gif" width="15" height="26"></td><td bgcolor="#F4F4F4"><img src="http://pics.ebaystatic.com/aw/pics/spacer.gif" width="1" height="1"></td><td width="100%" bgcolor="9F9E9E"> 
					<font color="FFFFFF" size="4" face="Arial"><b>execeurope</b></font></td></tr><tr><td colspan="3" height="3"><img src="http://pics.ebaystatic.com/aw/pics/s.gif" width="1" height="3"></td></tr></table><table width="100%" border="0" cellpadding="0" cellspacing="0"><tr><td rowspan="3" align="left" valign="top"><img src="http://pics.ebaystatic.com/aw/pics/storefronts/storebuilder/themes/thm02_c2/hdrLft_15x114.gif" width="15" height="114"></td><td><img src="http://pics.ebaystatic.com/aw/pics/storefronts/storebuilder/themes/thm02_c2/hdrTpLogo_310x12.gif" width="310" height="12"></td><td rowspan="3" align="left" valign="top"><img src="http://pics.ebaystatic.com/aw/pics/storefronts/storebuilder/themes/thm02_c2/hdrMid_410x114.gif" width="410" height="114"></td><td rowspan="3" background="http://pics.ebaystatic.com/aw/pics/storefronts/storebuilder/themes/thm02_c2/hdrFlex_1x114.gif" width="100%"><img src="http://pics.ebaystatic.com/aw/pics/storefronts/storebuilder/themes/thm02_c2/hdrFlex_1x114.gif"></td><td rowspan="3" align="right" valign="top"><img src="http://pics.ebaystatic.com/aw/pics/storefronts/storebuilder/themes/thm02_c2/hdrRt_33x114.gif" width="33" height="114"></td></tr><tr><td align="left" valign="top"><a href="http://stores.ebay.co.uk/execeurope"><img name="Logo" width="310" height="90" border="0" src="http://pics.ebaystatic.com/aw/pics/storefronts/storebuilder/imgPattern004.gif" alt=" execeurope eBay Shop " title=" execeurope eBay Shop "></a></td></tr><tr><td valign="top"><img src="http://pics.ebaystatic.com/aw/pics/storefronts/storebuilder/themes/thm02_c2/hdrBtmLogo_310x12.gif" width="310" height="12"></td></tr></table><table width="100%" border="0" cellpadding="0" cellspacing="0"><tr><td><P align=center><STRONG><FONT color=red size=5>1 FOR ALL YOUR COMERCIAL CLOTHING AND ACCESSORIES. </FONT></STRONG></P>
<P align=center><STRONG><FONT color=red size=5>2 PROBABLY THE BEST VALUE FOR MONEY DELIVERY SERVICE ON EBAY.</FONT></STRONG></P></td></tr></table><table width="100%" border="0" cellpadding="0" cellspacing="0"><tr><td colspan="3" height="15"><img src="http://pics.ebaystatic.com/aw/pics/s.gif" width="1" height="15"></td></tr><tr><td align="left" valign="top" width="170"><table bgcolor="9F9E9E" cellpadding="0" cellspacing="0" border="0" width="170"><tr><td bgcolor="9F9E9E"><img src="http://pics.ebaystatic.com/aw/pics/s.gif" width="1" height="1"></td><td bgcolor="E5E5E5"><table border="0" cellpadding="0" cellspacing="0" width="170"><tr><td width="8" bgcolor="D54A4F"><img src="http://pics.ebaystatic.com/aw/pics/spacer.gif" width="8" height="1"></td><td width="1" bgcolor="#FFFFFF"><img src="http://pics.ebaystatic.com/aw/pics/spacer.gif" width="1" height="1"></td><td bgcolor="9F9E9E"><table width="161" border="0" cellspacing="0" cellpadding="3"><tr><td bgcolor="9F9E9E"><b><font size="2" face="Arial" color="FFFFFF">Shop Search</font></b></td></tr></table><img src="http://pics.ebaystatic.com/aw/pics/s.gif" width="1" height="1"></td></tr></table><form name="search" method="get" style="display: inline;" action="http://search.stores.ebay.co.uk/search/search.dll?GetResult"><table border="0" cellpadding="3" cellspacing="0" width="170" bgcolor="E5E5E5"><tr><td colspan="2"><input type="text" name="query" size="17" maxlength="300"></td></tr><tr><td><input type="checkbox" name="srchdesc" value="y" checked><input type="hidden" name="sid" value="191957955"><input type="hidden" name="store" value="execeurope"><input type="hidden" name="colorid" value="-1"><input type="hidden" name="fp" value="0"><input type="hidden" name="st" value="2"><input type="hidden" name="lns" value="2"><input type="hidden" name="fsub" value="10082354"><input type="hidden" name="fsoo" value="1"><input type="hidden" name="fsop" value="1"></td><td width="99%">
									in titles &amp; descriptions
					</td></tr><tr><td colspan="2"><input name="submit" type="submit" value="Search"></td></tr><tr><td><img src="http://pics.ebaystatic.com/aw/pics/s.gif" width="1" height="1"></td></tr></table></form><table border="0" cellpadding="0" cellspacing="0" width="160"><tr><td width="8" bgcolor="D54A4F"><img src="http://pics.ebaystatic.com/aw/pics/spacer.gif" width="8" height="1"></td><td width="1" bgcolor="#FFFFFF"><img src="http://pics.ebaystatic.com/aw/pics/spacer.gif" width="1" height="1"></td><td bgcolor="9F9E9E"><table width="151" border="0" cellspacing="0" cellpadding="3"><tr><td bgcolor="9F9E9E"><b><font size="2" face="Arial" color="FFFFFF">Shop Categories</font></b></td></tr></table></td></tr></table><table id="StoreCategories" width="160" cellpadding="0" cellspacing="0"><tr><td class="category"><b><a href="http://stores.ebay.co.uk/execeurope_W0QQcolZ4QQdirZ1QQfclZ3QQfsubZQ2d999QQftidZ2QQlnsZ2QQtZkm">Shop home</a></b></td></tr><tr><td class="category"><b>HI VIS CLOTHING</b><span> (35)</span></td></tr><tr><td class="category"><b><a href="/execeurope_CLIP-ON-NECK-TIES_W0QQcolZ4QQdirZ1QQfclZ3QQfsubZ10082355QQftidZ2QQlnsZ2QQtZkm">CLIP ON NECK TIES</a></b><span> (19)</span></td></tr><tr><td class="category"><b><a href="/execeurope_SHIRTS-POLO-SHIRTS_W0QQcolZ4QQdirZ1QQfclZ3QQfsubZ10082356QQftidZ2QQlnsZ2QQtZkm">SHIRTS &amp; POLO SHIRTS</a></b><span> (11)</span></td></tr><tr><td class="category"><b><a href="/execeurope_NATO-JUMPERS_W0QQcolZ4QQdirZ1QQfclZ3QQfsubZ10082357QQftidZ2QQlnsZ2QQtZkm">NATO JUMPERS</a></b><span> (3)</span></td></tr><tr><td class="category"><b><a href="/execeurope_BADGES_W0QQcolZ4QQdirZ1QQfclZ3QQfsubZ10082358QQftidZ2QQlnsZ2QQtZkm">BADGES</a></b><span> (3)</span></td></tr><tr><td class="category"><b><a href="/execeurope_EPAULETES_W0QQcolZ4QQdirZ1QQfclZ3QQfsubZ10221594QQftidZ2QQlnsZ2QQtZkm">EPAULETES</a></b><span> (9)</span></td></tr><tr><td class="category"><b><a href="/execeurope_HEALTH-BEAUTY_W0QQcolZ4QQdirZ1QQfclZ3QQfsubZ10224911QQftidZ2QQlnsZ2QQtZkm">HEALTH &amp; BEAUTY</a></b><span> (9)</span></td></tr><tr><td class="category"><b><a href="/execeurope_CHEFS-CLOTHING-ACCESSORIES_W0QQcolZ4QQdirZ1QQfclZ3QQfsubZ10235668QQftidZ2QQlnsZ2QQtZkm">CHEFS CLOTHING &amp; ACCESSORIES</a></b><span> (5)</span></td></tr><tr><td class="category"><b><a href="/execeurope_TABARDS-APRONS_W0QQcolZ4QQdirZ1QQfclZ3QQfsubZ10235669QQftidZ2QQlnsZ2QQtZkm">TABARDS &amp; APRONS</a></b><span> (6)</span></td></tr><tr><td class="category"><b><a href="/execeurope_WORKWEAR_W0QQcolZ4QQdirZ1QQfclZ3QQfsubZ10235670QQftidZ2QQlnsZ2QQtZkm">WORKWEAR</a></b><span> (12)</span></td></tr><tr><td class="category"><b><a href="/execeurope_FLEECES_W0QQcolZ4QQdirZ1QQfclZ3QQfsubZ10235671QQftidZ2QQlnsZ2QQtZkm">FLEECES</a></b><span> (1)</span></td></tr><tr><td class="category"><b><a href="/execeurope_NOTEBOOK-CASES_W0QQcolZ4QQdirZ1QQfclZ3QQfsubZ10273285QQftidZ2QQlnsZ2QQtZkm">NOTEBOOK CASES</a></b><span> (2)</span></td></tr><tr><td class="category"><b><a href="/execeurope_UTILITY-BELTS-ACCESORIES_W0QQcolZ4QQdirZ1QQfclZ3QQfsubZ10273286QQftidZ2QQlnsZ2QQtZkm">UTILITY BELTS &amp; ACCESORIES</a></b><span> (60)</span></td></tr><tr><td class="category"><b><a href="/execeurope_PACKAGING-MATERIALS_W0QQcolZ4QQdirZ1QQfclZ3QQfsubZ10299851QQftidZ2QQlnsZ2QQtZkm">PACKAGING MATERIALS</a></b><span> (2)</span></td></tr><tr><td class="category"><b><a href="/execeurope_BODY-ARMOUR_W0QQcolZ4QQdirZ1QQfclZ3QQfsubZ11037761QQftidZ2QQlnsZ2QQtZkm">BODY ARMOUR</a></b><span> (21)</span></td></tr><tr><td class="category"><b><a href="/execeurope_CAPS-HELMETS_W0QQcolZ4QQdirZ1QQfclZ3QQfsubZ11048412QQftidZ2QQlnsZ2QQtZkm">CAPS &amp; HELMETS</a></b><span> (5)</span></td></tr><tr><td class="category"><b><a href="/execeurope_ARMY-CLOTHING-ACCESORIES_W0QQcolZ4QQdirZ1QQfclZ3QQfsubZ11054583QQftidZ2QQlnsZ2QQtZkm">ARMY CLOTHING &amp; ACCESORIES</a></b><span> (7)</span></td></tr><tr><td class="category"><b><a href="/execeurope_GLOVES-ETC_W0QQcolZ4QQdirZ1QQfclZ3QQfsubZ11157597QQftidZ2QQlnsZ2QQtZkm">GLOVES ETC</a></b><span> (2)</span></td></tr><tr><td class="category"><b><a href="/execeurope_Other_W0QQcolZ4QQdirZ1QQfclZ3QQfsubZ1QQftidZ2QQlnsZ2QQtZkm">Other Items</a></b><span> (6)</span></td></tr></table><table border="0" cellpadding="0" cellspacing="0" width="160"><tr><td width="8" bgcolor="D54A4F"><img src="http://pics.ebaystatic.com/aw/pics/spacer.gif" width="8" height="1"></td><td width="1" bgcolor="#FFFFFF"><img src="http://pics.ebaystatic.com/aw/pics/spacer.gif" width="1" height="1"></td><td bgcolor="9F9E9E"><table width="151" border="0" cellspacing="0" cellpadding="3"><tr><td bgcolor="9F9E9E"><b><font size="2" face="Arial" color="FFFFFF">Display</font></b></td></tr></table></td></tr></table><table width="160" border="0" cellpadding="0" cellspacing="0"><tr><td colspan="3"><img src="http://pics.ebaystatic.com/aw/pics/s.gif" width="1" height="4"></td></tr><tr><td colspan="3"><img src="http://pics.ebaystatic.com/aw/pics/s.gif" width="1" height="1"></td></tr><tr valign="top"><td width="8"><img src="http://pics.ebaystatic.com/aw/pics/s.gif" width="8" height="1" alt=""></td><td width="11" align="left"><img src="http://pics.ebaystatic.com/aw/pics/grayBullet_11x15.gif" width="11" height="15" alt=""></td><td width="141" valign="top"><a href="/execeurope_HI-VIS-CLOTHING_W0QQcolZ4QQdirZ1QQfclZ4QQfsubZ10082354QQftidZ2QQlnsZ2QQtZkm">Gallery view</a> </td></tr><tr><td colspan="3"><img src="http://pics.ebaystatic.com/aw/pics/s.gif" width="1" height="1"></td></tr><tr valign="top"><td width="8"><img src="http://pics.ebaystatic.com/aw/pics/s.gif" width="8" height="1" alt=""></td><td width="11" align="left"><img src="http://pics.ebaystatic.com/aw/pics/grayBullet_11x15.gif" width="11" height="15" alt=""></td><td width="141" valign="top"><a href="/execeurope_HI-VIS-CLOTHING_W0QQcolZ4QQdirZ1QQfclZ3QQfsubZ10082354QQftidZ1QQlnsZ2QQtZkm">View ending times</a><br>(Ends BST)</td></tr><tr valign="top"><td colspan="3"><img src="http://pics.ebaystatic.com/aw/pics/s.gif" width="1" height="16"></td></tr></table></td></tr><tr><td colspan="3" bgcolor="9F9E9E"><img src="http://pics.ebaystatic.com/aw/pics/s.gif" width="1" height="1"></td></tr></table><table border="0" cellpadding="0" cellspacing="0" width="170"><tr><td colspan="3"><img src="http://pics.ebaystatic.com/aw/pics/s.gif" width="1" height="8"></td></tr><tr><td bgcolor="9F9E9E" colspan="1" width="1"><img src="http://pics.ebaystatic.com/aw/pics/s.gif" width="1" height="1"></td><td><table border="0" cellpadding="0" cellspacing="0" width="170"><tr><td width="8" bgcolor="D54A4F"><img src="http://pics.ebaystatic.com/aw/pics/spacer.gif" width="8" height="1"></td><td width="1" bgcolor="#FFFFFF"><img src="http://pics.ebaystatic.com/aw/pics/spacer.gif" width="1" height="1"></td><td bgcolor="9F9E9E"><table width="161" border="0" cellspacing="0" cellpadding="3"><tr><td bgcolor="9F9E9E"><b><font size="2" face="Arial" color="FFFFFF">Shop Pages</font></b></td></tr></table></td></tr></table><table border="0" cellpadding="0" cellspacing="0" width="170"><tr><td><table border="0" cellpadding="0" cellspacing="0" width="170" bgcolor="E5E5E5"><tr><td colspan="3"><img src="http://pics.ebaystatic.com/aw/pics/s.gif" width="1" height="4"></td></tr><tr><td colspan="3"><img src="http://pics.ebaystatic.com/aw/pics/s.gif" width="1" height="1"></td></tr><tr valign="top"><td width="8"><img src="http://pics.ebaystatic.com/aw/pics/s.gif" width="8" height="1" alt=""></td><td width="11" align="left"><img src="http://pics.ebaystatic.com/aw/pics/grayBullet_11x15.gif" width="11" height="15" alt=""></td><td width="141" valign="top"><a href="http://cgi3.ebay.co.uk/ws/eBayISAPI.dll?ViewUserPage&amp;userid=execeurope">About the Seller</a> </td></tr><tr valign="top"><td colspan="3"><img src="http://pics.ebaystatic.com/aw/pics/s.gif" width="1" height="16"></td></tr></table></td></tr></table></td><td bgcolor="9F9E9E" colspan="1"><img src="http://pics.ebaystatic.com/aw/pics/s.gif" width="1" height="1"></td></tr><tr><td bgcolor="9F9E9E" colspan="3"><img src="http://pics.ebaystatic.com/aw/pics/s.gif" width="1" height="1"></td></tr></table><table border="0" cellpadding="0" cellspacing="0" width="170"><tr><td><img src="http://pics.ebaystatic.com/aw/pics/spacer.gif" width="1" height="8"></td></tr><tr><td><table border="0" width="100%" cellpadding="0" cellspacing="0" id="PromoListView"><tr bgcolor="9F9E9E" height="25"><td width="8"><img src="http://pics.ebaystatic.com/aw/pics/s.gif" height="1" width="8"></td><td width="98%" align="left"><font face="Arial" color="E5E5E5" size="4">Store Newsletter!</font></td><td width="8"><img src="http://pics.ebaystatic.com/aw/pics/s.gif" height="1" width="8"></td></tr><tr bgcolor="#ffffff" height="1"><td colspan="3" height="1"><img src="http://pics.ebaystatic.com/aw/pics/s.gif" height="1" width="1"></td></tr><tr bgcolor="D54A4F" height="8"><td colspan="3" height="8"><img src="http://pics.ebaystatic.com/aw/pics/s.gif" height="8" width="1"></td></tr><tr><td colspan="3"><table border="0" cellpadding="0" cellspacing="0" width="100%"><tr bgcolor="#666666"><td width="1" valign="top"><img src="http://pics.ebaystatic.com/aw/pics/s.gif" height="1" width="1"></td><td width="9" valign="top"><img src="http://pics.ebaystatic.com/aw/pics/s.gif" height="1" width="9"></td><td width="99%" valign="top"><img src="http://pics.ebaystatic.com/aw/pics/s.gif" height="1" width="1"></td><td width="9" valign="top"><img src="http://pics.ebaystatic.com/aw/pics/s.gif" height="1" width="9"></td><td width="1" valign="top"><img src="http://pics.ebaystatic.com/aw/pics/s.gif" height="1" width="1"></td></tr><tr><td width="1" bgcolor="#666666" valign="top" rowspan="2"><img src="http://pics.ebaystatic.com/aw/pics/s.gif" height="1" width="1"></td><td width="9" valign="top"><img src="http://pics.ebaystatic.com/aw/pics/s.gif" height="1" width="9"></td><td width="99%" valign="top"><img src="http://pics.ebaystatic.com/aw/pics/s.gif" height="1" width="1"></td><td width="9" valign="top"><img src="http://pics.ebaystatic.com/aw/pics/s.gif" height="1" width="9"></td><td width="1" bgcolor="#666666" rowspan="2" valign="top"><img src="http://pics.ebaystatic.com/aw/pics/s.gif" height="1" width="1"></td></tr><tr><td width="9" valign="top"><img src="http://pics.ebaystatic.com/aw/pics/s.gif" height="1" width="9"></td><td width="99%" valign="top"><table cellpadding="0" cellspacing="0" border="0" width="100%"><tr><td width="100%">Add my Shop to your Favourites and receive my email newsletters about new items and special promotions!</td></tr></table><form method="post" name="Newsletter5" action="http://my.ebay.co.uk/ws/eBayISAPI.dll?AcceptSavedSeller&amp;sellerid=execeurope&amp;linkname=promoboxsignup&amp;ssPageName=STORE:PROMOBOX:NEWS"><table width="100%" border="0" cellpadding="0" cellspacing="0"><tr><td colspan="2"><img src="http://pics.ebaystatic.com/aw/pics/s.gif" height="8" width="1"></td></tr><tr><td valign="top" width="50%"><table width="100%" border="0" cellpadding="2" cellspacing="0"><tr><td valign="top"><table cellpadding="0" cellspacing="0" border="0"><tr><td align="left" valign="top" width="25"><input type="checkbox" name="selectedMailingList_2007388" value="true" checked><img src="http://pics.ebaystatic.com/aw/pics/s.gif" width="2" height="1"></td><td align="left" wrap="true">General Interest</td></tr></table></td></tr><tr><td valign="top"></td></tr><tr><td valign="top"></td></tr><tr><td valign="top"></td></tr><tr><td valign="top"></td></tr></table></td></tr><tr><td colspan="2"><img src="http://pics.ebaystatic.com/aw/pics/s.gif" height="10" width="1"></td></tr><tr align="center"><td width="100%" colspan="2"><input name="Signup" type="submit" value="Sign Up"></td></tr></table></form></td><td valign="top" width="9"><img src="http://pics.ebaystatic.com/aw/pics/s.gif" height="1" width="9"></td></tr><tr><td colspan="5" align="left"><table border="0" cellpadding="0" cellspacing="0" width="100%"><tr><td bgcolor="#ffffff" height="11" width="11" valign="top"><img src="http://pics.ebaystatic.com/aw/pics/storefronts/storebuilder/imgStrsWidgtLftCnr_11x11.gif" height="11" width="11"></td><td height="11" bgcolor="#ffffff" valign="top"><table border="0" cellpadding="0" cellspacing="0" width="100%"><tr><td bgcolor="#ffffff" width="100%" valign="top"><img src="http://pics.ebaystatic.com/aw/pics/s.gif" width="1" height="10" border="0"></td></tr><tr><td bgcolor="#666666" width="100%" valign="top"><img src="http://pics.ebaystatic.com/aw/pics/s.gif" width="1" height="1" border="0"></td></tr></table></td><td bgcolor="#ffffff" height="11" width="11" valign="top"><img src="http://pics.ebaystatic.com/aw/pics/storefronts/storebuilder/imgStrsWidgtRtCnr_11x11.gif" height="11" width="11"></td></tr></table></td></tr></table></td></tr></table></td></tr></table></td><td width="13"><img src="http://pics.ebaystatic.com/aw/pics/spacer.gif" width="13" height="1"></td><td width="" align="left" valign="top"><table cellspacing="0" cellpadding="0" width="100%" border="0"><tr><td><form action="http://frame.ebay.co.uk/ws/eBayISAPI.dll?CompareItems" name="compare" method="post" style="margin-bottom:0px;margin-top:0px;"><script type="text/javascript" language="JavaScript" src="http://include.ebaystatic.com/js/e509/uk/features/search/resultsbody_e5092uk.js"> </script><table border="0" cellspacing="0" width="100%"><tr><td valign="top"><b>35</b> items found in <b>HI VIS CLOTHING</b><br></td><td align="right">
		View:   <b>All Items</b> | <a href="/execeurope_HI-VIS-CLOTHING_W0QQcolZ4QQdirZ1QQfclZ3QQfsubZ10082354QQftidZ2QQlnsZ2QQsclZ2QQtZkm">Auction only</a> | <a href="/execeurope_HI-VIS-CLOTHING_W0QQcolZ4QQdirZ1QQfclZ3QQfsubZ10082354QQftidZ2QQlnsZ2QQsclZ1QQtZkm">Buy It Now only</a> | <a href="/execeurope_HI-VIS-CLOTHING_W0QQcolZ4QQdirZ1QQfclZ3QQfsubZ10082354QQftidZ2QQlnsZ2QQsclZ3QQtZkm">On Sale only</a> | <a href="/execeurope_HI-VIS-CLOTHING_W0QQcolZ4QQdirZ1QQfclZ3QQfsubZ10082354QQftidZ2QQlnsZ2QQsclZ8QQtZkm">Classified Ads</a> </td></tr></table><a name="items" xmlns="http://www.w3.org/1999/xhtml"> </a><table id="itemlistcontrols" border="0" cellspacing="0" width="100%" xmlns="http://www.w3.org/1999/xhtml"><tbody><tr><td><span><b>List View</b><a href="/execeurope_HI-VIS-CLOTHING_W0QQcolZ4QQdirZ1QQfclZ4QQfsubZ10082354QQftidZ2QQlnsZ2QQtZkm" class="lPipe">Picture Gallery</a></span></td><td class="right"><script type="text/javascript" language="JavaScript">
//<!--
var findSortArray = ['/execeurope_HI-VIS-CLOTHING_W0QQcolZ4QQdirZ1QQfclZ3QQfsubZ10082354QQftidZ2QQlnsZ2QQtZkm', '/execeurope_HI-VIS-CLOTHING_W0QQcolZ4QQdirZQ2d1QQfclZ3QQfsubZ10082354QQftidZ2QQlnsZ2QQtZkm', '/execeurope_HI-VIS-CLOTHING_W0QQcolZ2QQdirZ1QQfclZ3QQfsubZ10082354QQftidZ2QQlnsZ2QQtZkm', '/execeurope_HI-VIS-CLOTHING_W0QQcolZ2QQdirZQ2d1QQfclZ3QQfsubZ10082354QQftidZ2QQlnsZ2QQtZkm']
//--></script><b>Sort by: </b><select name="sosortproperty" onchange="doFindSortChange(this);"><option value="4&amp;sosortorder=1" selected="selected">Time: ending soonest</option><option value="4&amp;sosortorder=-1">Time: newly listed</option><option value="2&amp;sosortorder=1">Price: lowest first</option><option value="2&amp;sosortorder=-1">Price: highest first</option></select></td></tr></tbody></table><link type="text/css" href="http://include.ebaystatic.com/css/e509/uk/finding/stores_e5091uk.css" media="all" rel="stylesheet" xmlns="http://www.w3.org/1999/xhtml"/><table class="ebItemlist single" cellspacing="0" cellpadding="4" xmlns="http://www.w3.org/1999/xhtml"><col id="ebcbdrLft"/><col id="ebccompare"/><col id="ebcpicture"/><col id="ebctitle"/><col id="ebcprice"/><col id="ebcbids"/><col id="ebctime"/><col id="ebcbdrRt"/><thead><tr><td> </td><td class="ebcCpr"> </td><td class="ebcPic">Picture <a href="/execeurope_HI-VIS-CLOTHING_W0QQcolZ4QQdirZ1QQfclZ1QQfsubZ10082354QQftidZ2QQlnsZ2QQtZkm" class="navigation">hide</a></td><td class="ebcTtl">Item Title</td><td class="ebcPr"><a href="/execeurope_HI-VIS-CLOTHING_W0QQcolZ2QQdirZQ2d1QQfclZ3QQfsubZ10082354QQftidZ2QQlnsZ2QQtZkm">Price</a></td><td class="ebcBid">Bids</td><td class="ebcTim hl"><a href="/execeurope_HI-VIS-CLOTHING_W0QQcolZ4QQdirZQ2d1QQfclZ3QQfsubZ10082354QQftidZ2QQlnsZ2QQtZkm">Time Left</a> <img src="http://pics.ebaystatic.com/aw/pics/sort_up.gif" width="9" height="5" alt=""/></td><td class="hl"> </td></tr></thead><tbody><tr class="ebHlOdd single"><td class="ebLeft"> </td><td class="ebcCpr"><input type="checkbox" name="coitem" value="220106435572" onclick="compareLimitTest(this)"/></td><td class="ebcPic"><div class="ebPicture" style="width:64px;overflow:hidden;"><a href="http://cgi.ebay.co.uk/EMERGENCY-SERVICE-TAPE-REFLECTIVE-TAPE-HI-VIS-TAPE-C66_W0QQitemZ220106435572QQihZ012QQcategoryZ36347QQcmdZViewItem"><img border="0" src="http://thumbs.ebaystatic.com/pict/2201064355726464_1.jpg" alt=""></img></a></div></td><td class="ebcTtl"><h3 class="ens fontnormal"><a href="http://cgi.ebay.co.uk/EMERGENCY-SERVICE-TAPE-REFLECTIVE-TAPE-HI-VIS-TAPE-C66_W0QQitemZ220106435572QQihZ012QQcategoryZ36347QQcmdZViewItem">EMERGENCY SERVICE TAPE REFLECTIVE TAPE HI VIS TAPE C66</a></h3><span class="icons"><img border="0" src="http://pics.ebaystatic.com/aw/pics/uk/s.gif" id="sr_giftIcon_0"></img> </span><div class="navigation">25mm x 5m CONFORMS TO EN13356 <br/></div></td><td class="ebcPr"><span>£9.99</span><br/></td><td class="ebcBid"><img border="0" title="Buy It Now or Best Offer" alt="Buy It Now or Best Offer" src="http://pics.ebaystatic.com/aw/pics/uk/logos/logoBinBo_70x20.gif" align="middle"/></td><td class="ebcTim">1d 11h 15m</td><td class="ebRight"> </td></tr><tr class="single"><td class="ebLeft"> </td><td class="ebcCpr"><input type="checkbox" name="coitem" value="220106750421" onclick="compareLimitTest(this)"/></td><td class="ebcPic"><div class="ebPicture" style="width:64px;overflow:hidden;"><a href="http://cgi.ebay.co.uk/OBSOLETE-POLICE-SECURI-TY-HI-VIS-JACKET-COAT-B273_W0QQitemZ220106750421QQihZ012QQcategoryZ50780QQcmdZViewItem"><img border="0" src="http://thumbs.ebaystatic.com/pict/2201067504216464_1.jpg" alt=""></img></a></div></td><td class="ebcTtl"><h3 class="ens fontnormal"><a href="http://cgi.ebay.co.uk/OBSOLETE-POLICE-SECURI-TY-HI-VIS-JACKET-COAT-B273_W0QQitemZ220106750421QQihZ012QQcategoryZ50780QQcmdZViewItem">OBSOLETE POLICE, SECURI TY HI VIS JACKET, COAT B273</a></h3><span class="icons"><img border="0" src="http://pics.ebaystatic.com/aw/pics/uk/s.gif" id="sr_giftIcon_1"></img> </span><div class="navigation">JACKET IS IN EXCELLENT CONDITION, DOUBLE EXTRA LARGE <br/></div></td><td class="ebcPr"><span>£14.99</span><br/></td><td class="ebcBid"><img border="0" title="Buy It Now or Best Offer" alt="Buy It Now or Best Offer" src="http://pics.ebaystatic.com/aw/pics/uk/logos/logoBinBo_70x20.gif" align="middle"/></td><td class="ebcTim">2d 13h 19m</td><td class="ebRight"> </td></tr><tr class="ebHlOdd single"><td class="ebLeft"> </td><td class="ebcCpr"><input type="checkbox" name="coitem" value="220106750565" onclick="compareLimitTest(this)"/></td><td class="ebcPic"><div class="ebPicture" style="width:64px;overflow:hidden;"><a href="http://cgi.ebay.co.uk/OBSOLETE-POLICE-HI-VIS-GORTEX-OVER-TROUSERS-M-B248_W0QQitemZ220106750565QQihZ012QQcategoryZ50780QQcmdZViewItem"><img border="0" src="http://thumbs.ebaystatic.com/pict/2201067505656464_1.jpg" alt=""></img></a></div></td><td class="ebcTtl"><h3 class="ens fontnormal"><a href="http://cgi.ebay.co.uk/OBSOLETE-POLICE-HI-VIS-GORTEX-OVER-TROUSERS-M-B248_W0QQitemZ220106750565QQihZ012QQcategoryZ50780QQcmdZViewItem">OBSOLETE POLICE HI VIS GORTEX OVER TROUSERS M B248</a></h3><span class="icons"><img border="0" src="http://pics.ebaystatic.com/aw/pics/uk/s.gif" id="sr_giftIcon_2"></img> </span></td><td class="ebcPr"><span>£19.99</span><br/></td><td class="ebcBid"><img border="0" title="Buy It Now or Best Offer" alt="Buy It Now or Best Offer" src="http://pics.ebaystatic.com/aw/pics/uk/logos/logoBinBo_70x20.gif" align="middle"/></td><td class="ebcTim">2d 13h 20m</td><td class="ebRight"> </td></tr><tr class="single"><td class="ebLeft"> </td><td class="ebcCpr"><input type="checkbox" name="coitem" value="220106750568" onclick="compareLimitTest(this)"/></td><td class="ebcPic"><div class="ebPicture" style="width:64px;overflow:hidden;"><a href="http://cgi.ebay.co.uk/OBSOLETE-POLICE-HI-VIS-GORTEX-OVER-TROUSERS-XXL-B251_W0QQitemZ220106750568QQihZ012QQcategoryZ50780QQcmdZViewItem"><img border="0" src="http://thumbs.ebaystatic.com/pict/2201067505686464_1.jpg" alt=""></img></a></div></td><td class="ebcTtl"><h3 class="ens fontnormal"><a href="http://cgi.ebay.co.uk/OBSOLETE-POLICE-HI-VIS-GORTEX-OVER-TROUSERS-XXL-B251_W0QQitemZ220106750568QQihZ012QQcategoryZ50780QQcmdZViewItem">OBSOLETE POLICE HI VIS GORTEX OVER TROUSERS XXL B251</a></h3><span class="icons"><img border="0" src="http://pics.ebaystatic.com/aw/pics/uk/s.gif" id="sr_giftIcon_3"></img> </span></td><td class="ebcPr"><span>£19.99</span><br/></td><td class="ebcBid"><img border="0" title="Buy It Now or Best Offer" alt="Buy It Now or Best Offer" src="http://pics.ebaystatic.com/aw/pics/uk/logos/logoBinBo_70x20.gif" align="middle"/></td><td class="ebcTim">2d 13h 20m</td><td class="ebRight"> </td></tr><tr class="ebHlOdd single"><td class="ebLeft"> </td><td class="ebcCpr"><input type="checkbox" name="coitem" value="220106750575" onclick="compareLimitTest(this)"/></td><td class="ebcPic"><div class="ebPicture" style="width:64px;overflow:hidden;"><a href="http://cgi.ebay.co.uk/OBSOLETE-POLICE-HI-VIS-GORTEX-OVER-TROUSERS-L-B249_W0QQitemZ220106750575QQihZ012QQcategoryZ50780QQcmdZViewItem"><img border="0" src="http://thumbs.ebaystatic.com/pict/2201067505756464_1.jpg" alt=""></img></a></div></td><td class="ebcTtl"><h3 class="ens fontnormal"><a href="http://cgi.ebay.co.uk/OBSOLETE-POLICE-HI-VIS-GORTEX-OVER-TROUSERS-L-B249_W0QQitemZ220106750575QQihZ012QQcategoryZ50780QQcmdZViewItem">OBSOLETE POLICE HI VIS GORTEX OVER TROUSERS L B249</a></h3><span class="icons"><img border="0" src="http://pics.ebaystatic.com/aw/pics/uk/s.gif" id="sr_giftIcon_4"></img> </span></td><td class="ebcPr"><span>£19.99</span><br/></td><td class="ebcBid"><img border="0" title="Buy It Now or Best Offer" alt="Buy It Now or Best Offer" src="http://pics.ebaystatic.com/aw/pics/uk/logos/logoBinBo_70x20.gif" align="middle"/></td><td class="ebcTim">2d 13h 20m</td><td class="ebRight"> </td></tr><tr class="single"><td class="ebLeft"> </td><td class="ebcCpr"><input type="checkbox" name="coitem" value="220106750598" onclick="compareLimitTest(this)"/></td><td class="ebcPic"><div class="ebPicture" style="width:64px;overflow:hidden;"><a href="http://cgi.ebay.co.uk/OBSOLETE-POLICE-HI-VIS-GORTEX-OVER-TROUSERS-XL-B250_W0QQitemZ220106750598QQihZ012QQcategoryZ50780QQcmdZViewItem"><img border="0" src="http://thumbs.ebaystatic.com/pict/2201067505986464_1.jpg" alt=""></img></a></div></td><td class="ebcTtl"><h3 class="ens fontnormal"><a href="http://cgi.ebay.co.uk/OBSOLETE-POLICE-HI-VIS-GORTEX-OVER-TROUSERS-XL-B250_W0QQitemZ220106750598QQihZ012QQcategoryZ50780QQcmdZViewItem">OBSOLETE POLICE HI VIS GORTEX OVER TROUSERS XL B250</a></h3><span class="icons"><img border="0" src="http://pics.ebaystatic.com/aw/pics/uk/s.gif" id="sr_giftIcon_5"></img> </span></td><td class="ebcPr"><span>£19.99</span><br/></td><td class="ebcBid"><img border="0" title="Buy It Now or Best Offer" alt="Buy It Now or Best Offer" src="http://pics.ebaystatic.com/aw/pics/uk/logos/logoBinBo_70x20.gif" align="middle"/></td><td class="ebcTim">2d 13h 20m</td><td class="ebRight"> </td></tr><tr class="ebHlOdd single"><td class="ebLeft"> </td><td class="ebcCpr"><input type="checkbox" name="coitem" value="320108499897" onclick="compareLimitTest(this)"/></td><td class="ebcPic"><div class="ebPicture" style="width:64px;overflow:hidden;"><a href="http://cgi.ebay.co.uk/NEW-IN-PACKAGING-HI-VIS-4-IN-1-COAT-SECURITY-EN471-C55_W0QQitemZ320108499897QQihZ011QQcategoryZ141068QQcmdZViewItem"><img border="0" src="http://thumbs.ebaystatic.com/pict/3201084998976464_1.jpg" alt=""></img></a></div></td><td class="ebcTtl"><h3 class="ens fontnormal"><a href="http://cgi.ebay.co.uk/NEW-IN-PACKAGING-HI-VIS-4-IN-1-COAT-SECURITY-EN471-C55_W0QQitemZ320108499897QQihZ011QQcategoryZ141068QQcmdZViewItem">NEW IN PACKAGING HI VIS 4 IN 1 COAT SECURITY EN471 C55</a></h3><span class="icons"><img border="0" src="http://pics.ebaystatic.com/aw/pics/uk/s.gif" id="sr_giftIcon_6"></img> </span><div class="navigation">SEE MY EBAY SHOP FOR OTHER JACKETS AND BADGES <br/></div></td><td class="ebcPr"><span>£19.99</span><br/></td><td class="ebcBid"><img border="0" title="Buy It Now or Best Offer" alt="Buy It Now or Best Offer" src="http://pics.ebaystatic.com/aw/pics/uk/logos/logoBinBo_70x20.gif" align="middle"/></td><td class="ebcTim">3d 14h 22m</td><td class="ebRight"> </td></tr><tr class="single"><td class="ebLeft"> </td><td class="ebcCpr"><input type="checkbox" name="coitem" value="320108499902" onclick="compareLimitTest(this)"/></td><td class="ebcPic"><div class="ebPicture" style="width:64px;overflow:hidden;"><a href="http://cgi.ebay.co.uk/NEW-IN-PACKAGING-HI-VIS-TROUSERS-SECURITY-EN471-C56_W0QQitemZ320108499902QQihZ011QQcategoryZ141068QQcmdZViewItem"><img border="0" src="http://thumbs.ebaystatic.com/pict/3201084999026464_1.jpg" alt=""></img></a></div></td><td class="ebcTtl"><h3 class="ens fontnormal"><a href="http://cgi.ebay.co.uk/NEW-IN-PACKAGING-HI-VIS-TROUSERS-SECURITY-EN471-C56_W0QQitemZ320108499902QQihZ011QQcategoryZ141068QQcmdZViewItem">NEW IN PACKAGING HI VIS TROUSERS, SECURITY EN471 C56</a></h3><span class="icons"><img border="0" src="http://pics.ebaystatic.com/aw/pics/uk/s.gif" id="sr_giftIcon_7"></img> </span><div class="navigation">PROBABLY THE CHEAPEST ON EBAY <br/></div></td><td class="ebcPr"><span>£8.99</span><br/></td><td class="ebcBid"><img border="0" title="Buy It Now or Best Offer" alt="Buy It Now or Best Offer" src="http://pics.ebaystatic.com/aw/pics/uk/logos/logoBinBo_70x20.gif" align="middle"/></td><td class="ebcTim">3d 14h 22m</td><td class="ebRight"> </td></tr><tr class="ebHlOdd single"><td class="ebLeft"> </td><td class="ebcCpr"><input type="checkbox" name="coitem" value="320108500490" onclick="compareLimitTest(this)"/></td><td class="ebcPic"><div class="ebPicture" style="width:64px;overflow:hidden;"><a href="http://cgi.ebay.co.uk/OBSOLETE-POLICE-SCOTGREAT-HI-VIS-GORTEX-JACKET-M-B236_W0QQitemZ320108500490QQihZ011QQcategoryZ141068QQcmdZViewItem"><img border="0" src="http://thumbs.ebaystatic.com/pict/3201085004906464_1.jpg" alt=""></img></a></div></td><td class="ebcTtl"><h3 class="ens fontnormal"><a href="http://cgi.ebay.co.uk/OBSOLETE-POLICE-SCOTGREAT-HI-VIS-GORTEX-JACKET-M-B236_W0QQitemZ320108500490QQihZ011QQcategoryZ141068QQcmdZViewItem">OBSOLETE POLICE SCOTGREAT HI VIS GORTEX JACKET M B236</a></h3><span class="icons"><img border="0" src="http://pics.ebaystatic.com/aw/pics/uk/s.gif" id="sr_giftIcon_8"></img> </span><div class="navigation">JACKET IS IN EXCELLENT CONDITION, SIZE MEDIUM <br/></div></td><td class="ebcPr"><span>£14.99</span><br/></td><td class="ebcBid"><img border="0" title="Buy It Now or Best Offer" alt="Buy It Now or Best Offer" src="http://pics.ebaystatic.com/aw/pics/uk/logos/logoBinBo_70x20.gif" align="middle"/></td><td class="ebcTim">3d 14h 26m</td><td class="ebRight"> </td></tr><tr class="single"><td class="ebLeft"> </td><td class="ebcCpr"><input type="checkbox" name="coitem" value="320108500494" onclick="compareLimitTest(this)"/></td><td class="ebcPic"><div class="ebPicture" style="width:64px;overflow:hidden;"><a href="http://cgi.ebay.co.uk/OBSOLETE-POLICE-SCOTGREAT-HI-VIS-GORTEX-JACKET-XXL-B231_W0QQitemZ320108500494QQihZ011QQcategoryZ141068QQcmdZViewItem"><img border="0" src="http://thumbs.ebaystatic.com/pict/3201085004946464_1.jpg" alt=""></img></a></div></td><td class="ebcTtl"><h3 class="ens fontnormal"><a href="http://cgi.ebay.co.uk/OBSOLETE-POLICE-SCOTGREAT-HI-VIS-GORTEX-JACKET-XXL-B231_W0QQitemZ320108500494QQihZ011QQcategoryZ141068QQcmdZViewItem">OBSOLETE POLICE SCOTGREAT HI VIS GORTEX JACKET XXL B231</a></h3><span class="icons"><img border="0" src="http://pics.ebaystatic.com/aw/pics/uk/s.gif" id="sr_giftIcon_9"></img> </span><div class="navigation">EXCELLENT CONDITION, SIZE DOUBLE EXTRA LARGE <br/></div></td><td class="ebcPr"><span>£29.99</span><br/></td><td class="ebcBid"><img border="0" title="Buy It Now or Best Offer" alt="Buy It Now or Best Offer" src="http://pics.ebaystatic.com/aw/pics/uk/logos/logoBinBo_70x20.gif" align="middle"/></td><td class="ebcTim">3d 14h 26m</td><td class="ebRight"> </td></tr><tr class="ebHlOdd single"><td class="ebLeft"> </td><td class="ebcCpr"><input type="checkbox" name="coitem" value="320108500495" onclick="compareLimitTest(this)"/></td><td class="ebcPic"><div class="ebPicture" style="width:64px;overflow:hidden;"><a href="http://cgi.ebay.co.uk/OBSOLETE-POLICE-SECURI-TY-HI-VIS-JACKET-COAT-B272_W0QQitemZ320108500495QQihZ011QQcategoryZ50780QQcmdZViewItem"><img border="0" src="http://thumbs.ebaystatic.com/pict/3201085004956464_1.jpg" alt=""></img></a></div></td><td class="ebcTtl"><h3 class="ens fontnormal"><a href="http://cgi.ebay.co.uk/OBSOLETE-POLICE-SECURI-TY-HI-VIS-JACKET-COAT-B272_W0QQitemZ320108500495QQihZ011QQcategoryZ50780QQcmdZViewItem">OBSOLETE POLICE, SECURI TY HI VIS JACKET, COAT B272</a></h3><span class="icons"><img border="0" src="http://pics.ebaystatic.com/aw/pics/uk/s.gif" id="sr_giftIcon_10"></img> </span><div class="navigation">JACKET IS IN EXCELLENT CONDITION, IN EXTRA LARGE <br/></div></td><td class="ebcPr"><span>£14.99</span><br/></td><td class="ebcBid"><img border="0" title="Buy It Now or Best Offer" alt="Buy It Now or Best Offer" src="http://pics.ebaystatic.com/aw/pics/uk/logos/logoBinBo_70x20.gif" align="middle"/></td><td class="ebcTim">3d 14h 26m</td><td class="ebRight"> </td></tr><tr class="single"><td class="ebLeft"> </td><td class="ebcCpr"><input type="checkbox" name="coitem" value="320108500497" onclick="compareLimitTest(this)"/></td><td class="ebcPic"><div class="ebPicture" style="width:64px;overflow:hidden;"><a href="http://cgi.ebay.co.uk/OBSOLETE-POLICE-SCOTGREAT-HI-VIS-GORTEX-JACKET-M-B232_W0QQitemZ320108500497QQihZ011QQcategoryZ141068QQcmdZViewItem"><img border="0" src="http://thumbs.ebaystatic.com/pict/3201085004976464_1.jpg" alt=""></img></a></div></td><td class="ebcTtl"><h3 class="ens fontnormal"><a href="http://cgi.ebay.co.uk/OBSOLETE-POLICE-SCOTGREAT-HI-VIS-GORTEX-JACKET-M-B232_W0QQitemZ320108500497QQihZ011QQcategoryZ141068QQcmdZViewItem">OBSOLETE POLICE SCOTGREAT HI VIS GORTEX JACKET M B232</a></h3><span class="icons"><img border="0" src="http://pics.ebaystatic.com/aw/pics/uk/s.gif" id="sr_giftIcon_11"></img> </span><div class="navigation">BLUE HI VIS CHEQUE TO BOTTOM, A1 CONDITION MEDIUM <br/></div></td><td class="ebcPr"><span>£19.99</span><br/></td><td class="ebcBid"><img border="0" title="Buy It Now or Best Offer" alt="Buy It Now or Best Offer" src="http://pics.ebaystatic.com/aw/pics/uk/logos/logoBinBo_70x20.gif" align="middle"/></td><td class="ebcTim">3d 14h 26m</td><td class="ebRight"> </td></tr><tr class="ebHlOdd single"><td class="ebLeft"> </td><td class="ebcCpr"><input type="checkbox" name="coitem" value="320108500499" onclick="compareLimitTest(this)"/></td><td class="ebcPic"><div class="ebPicture" style="width:64px;overflow:hidden;"><a href="http://cgi.ebay.co.uk/OBSOLETE-POLICE-SCOTGREAT-HI-VIS-GORTEX-JACKET-L-B237_W0QQitemZ320108500499QQihZ011QQcategoryZ141068QQcmdZViewItem"><img border="0" src="http://thumbs.ebaystatic.com/pict/3201085004996464_1.jpg" alt=""></img></a></div></td><td class="ebcTtl"><h3 class="ens fontnormal"><a href="http://cgi.ebay.co.uk/OBSOLETE-POLICE-SCOTGREAT-HI-VIS-GORTEX-JACKET-L-B237_W0QQitemZ320108500499QQihZ011QQcategoryZ141068QQcmdZViewItem">OBSOLETE POLICE SCOTGREAT HI VIS GORTEX JACKET L B237</a></h3><span class="icons"><img border="0" src="http://pics.ebaystatic.com/aw/pics/uk/s.gif" id="sr_giftIcon_12"></img> </span><div class="navigation">JACKET IS IN EXCELLENT CONDITION, SIZE LARGE <br/></div></td><td class="ebcPr"><span>£14.99</span><br/></td><td class="ebcBid"><img border="0" title="Buy It Now or Best Offer" alt="Buy It Now or Best Offer" src="http://pics.ebaystatic.com/aw/pics/uk/logos/logoBinBo_70x20.gif" align="middle"/></td><td class="ebcTim">3d 14h 26m</td><td class="ebRight"> </td></tr><tr class="single"><td class="ebLeft"> </td><td class="ebcCpr"><input type="checkbox" name="coitem" value="320108500503" onclick="compareLimitTest(this)"/></td><td class="ebcPic"><div class="ebPicture" style="width:64px;overflow:hidden;"><a href="http://cgi.ebay.co.uk/OBSOLETE-POLICE-GORTEX-OVERALLS-BOILER-SUIT-M-B303_W0QQitemZ320108500503QQihZ011QQcategoryZ141068QQcmdZViewItem"><img border="0" src="http://thumbs.ebaystatic.com/pict/3201085005036464_1.jpg" alt=""></img></a></div></td><td class="ebcTtl"><h3 class="ens fontnormal"><a href="http://cgi.ebay.co.uk/OBSOLETE-POLICE-GORTEX-OVERALLS-BOILER-SUIT-M-B303_W0QQitemZ320108500503QQihZ011QQcategoryZ141068QQcmdZViewItem">OBSOLETE POLICE GORTEX OVERALLS, BOILER SUIT M B303</a></h3><span class="icons"><img border="0" src="http://pics.ebaystatic.com/aw/pics/uk/s.gif" id="sr_giftIcon_13"></img> </span><div class="navigation">FLAME RETARDENT, SLASH RESISTANT, NAVY, MEDIUM <br/></div></td><td class="ebcPr"><span>£14.99</span><br/></td><td class="ebcBid"><img border="0" title="Buy It Now or Best Offer" alt="Buy It Now or Best Offer" src="http://pics.ebaystatic.com/aw/pics/uk/logos/logoBinBo_70x20.gif" align="middle"/></td><td class="ebcTim">3d 14h 26m</td><td class="ebRight"> </td></tr><tr class="ebHlOdd single"><td class="ebLeft"> </td><td class="ebcCpr"><input type="checkbox" name="coitem" value="320108500508" onclick="compareLimitTest(this)"/></td><td class="ebcPic"><div class="ebPicture" style="width:64px;overflow:hidden;"><a href="http://cgi.ebay.co.uk/OBSOLETE-POLICE-SCOTGREAT-HI-VIS-GORTEX-JACKET-XL-B238_W0QQitemZ320108500508QQihZ011QQcategoryZ141068QQcmdZViewItem"><img border="0" src="http://thumbs.ebaystatic.com/pict/3201085005086464_1.jpg" alt=""></img></a></div></td><td class="ebcTtl"><h3 class="ens fontnormal"><a href="http://cgi.ebay.co.uk/OBSOLETE-POLICE-SCOTGREAT-HI-VIS-GORTEX-JACKET-XL-B238_W0QQitemZ320108500508QQihZ011QQcategoryZ141068QQcmdZViewItem">OBSOLETE POLICE SCOTGREAT HI VIS GORTEX JACKET XL B238</a></h3><span class="icons"><img border="0" src="http://pics.ebaystatic.com/aw/pics/uk/s.gif" id="sr_giftIcon_14"></img> </span><div class="navigation">JACKET IS IN EXCELLENT CONDITION, SIZE EXTRA LARGE <br/></div></td><td class="ebcPr"><span>£14.99</span><br/></td><td class="ebcBid"><img border="0" title="Buy It Now or Best Offer" alt="Buy It Now or Best Offer" src="http://pics.ebaystatic.com/aw/pics/uk/logos/logoBinBo_70x20.gif" align="middle"/></td><td class="ebcTim">3d 14h 26m</td><td class="ebRight"> </td></tr><tr class="single"><td class="ebLeft"> </td><td class="ebcCpr"><input type="checkbox" name="coitem" value="320108500512" onclick="compareLimitTest(this)"/></td><td class="ebcPic"><div class="ebPicture" style="width:64px;overflow:hidden;"><a href="http://cgi.ebay.co.uk/OBSOLETE-POLICE-SCOTGREAT-HI-VIS-GORTEX-JACKET-L-B233_W0QQitemZ320108500512QQihZ011QQcategoryZ141068QQcmdZViewItem"><img border="0" src="http://thumbs.ebaystatic.com/pict/3201085005126464_1.jpg" alt=""></img></a></div></td><td class="ebcTtl"><h3 class="ens fontnormal"><a href="http://cgi.ebay.co.uk/OBSOLETE-POLICE-SCOTGREAT-HI-VIS-GORTEX-JACKET-L-B233_W0QQitemZ320108500512QQihZ011QQcategoryZ141068QQcmdZViewItem">OBSOLETE POLICE SCOTGREAT HI VIS GORTEX JACKET L B233</a></h3><span class="icons"><img border="0" src="http://pics.ebaystatic.com/aw/pics/uk/s.gif" id="sr_giftIcon_15"></img> </span><div class="navigation">BLUE HI VIS CHEQUE TO BOTTOM, A1 CONDITION LARGE <br/></div></td><td class="ebcPr"><span>£19.99</span><br/></td><td class="ebcBid"><img border="0" title="Buy It Now or Best Offer" alt="Buy It Now or Best Offer" src="http://pics.ebaystatic.com/aw/pics/uk/logos/logoBinBo_70x20.gif" align="middle"/></td><td class="ebcTim">3d 14h 26m</td><td class="ebRight"> </td></tr><tr class="ebHlOdd single"><td class="ebLeft"> </td><td class="ebcCpr"><input type="checkbox" name="coitem" value="320108500517" onclick="compareLimitTest(this)"/></td><td class="ebcPic"><div class="ebPicture" style="width:64px;overflow:hidden;"><a href="http://cgi.ebay.co.uk/OBSOLETE-POLICE-SCOTGREAT-HI-VIS-GORTEX-JACKET-XXL-B235_W0QQitemZ320108500517QQihZ011QQcategoryZ141068QQcmdZViewItem"><img border="0" src="http://thumbs.ebaystatic.com/pict/3201085005176464_1.jpg" alt=""></img></a></div></td><td class="ebcTtl"><h3 class="ens fontnormal"><a href="http://cgi.ebay.co.uk/OBSOLETE-POLICE-SCOTGREAT-HI-VIS-GORTEX-JACKET-XXL-B235_W0QQitemZ320108500517QQihZ011QQcategoryZ141068QQcmdZViewItem">OBSOLETE POLICE SCOTGREAT HI VIS GORTEX JACKET XXL B235</a></h3><span class="icons"><img border="0" src="http://pics.ebaystatic.com/aw/pics/uk/s.gif" id="sr_giftIcon_16"></img> </span><div class="navigation">BLUE HI VIS CHEQUE TO BOTTOM, A1 CONDITION XXL <br/></div></td><td class="ebcPr"><span>£19.99</span><br/></td><td class="ebcBid"><img border="0" title="Buy It Now or Best Offer" alt="Buy It Now or Best Offer" src="http://pics.ebaystatic.com/aw/pics/uk/logos/logoBinBo_70x20.gif" align="middle"/></td><td class="ebcTim">3d 14h 26m</td><td class="ebRight"> </td></tr><tr class="single"><td class="ebLeft"> </td><td class="ebcCpr"><input type="checkbox" name="coitem" value="320108500520" onclick="compareLimitTest(this)"/></td><td class="ebcPic"><div class="ebPicture" style="width:64px;overflow:hidden;"><a href="http://cgi.ebay.co.uk/ARMY-ISSUE-GORTEX-WATERPROOF-CAMOUFLAGE-TROUSERS-B252_W0QQitemZ320108500520QQihZ011QQcategoryZ70988QQcmdZViewItem"><img border="0" src="http://thumbs.ebaystatic.com/pict/3201085005206464_1.jpg" alt=""></img></a></div></td><td class="ebcTtl"><h3 class="ens fontnormal"><a href="http://cgi.ebay.co.uk/ARMY-ISSUE-GORTEX-WATERPROOF-CAMOUFLAGE-TROUSERS-B252_W0QQitemZ320108500520QQihZ011QQcategoryZ70988QQcmdZViewItem">ARMY ISSUE GORTEX WATERPROOF CAMOUFLAGE TROUSERS B252</a></h3><span class="icons"><img border="0" src="http://pics.ebaystatic.com/aw/pics/uk/s.gif" id="sr_giftIcon_17"></img> </span><div class="navigation">SOLDIER 95 STYLE, EXCELLENT CONDITION, MEDIUM <br/></div></td><td class="ebcPr"><span>£14.99</span><br/></td><td class="ebcBid"><img border="0" title="Buy It Now or Best Offer" alt="Buy It Now or Best Offer" src="http://pics.ebaystatic.com/aw/pics/uk/logos/logoBinBo_70x20.gif" align="middle"/></td><td class="ebcTim">3d 14h 26m</td><td class="ebRight"> </td></tr><tr class="ebHlOdd single"><td class="ebLeft"> </td><td class="ebcCpr"><input type="checkbox" name="coitem" value="320108500526" onclick="compareLimitTest(this)"/></td><td class="ebcPic"><div class="ebPicture" style="width:64px;overflow:hidden;"><a href="http://cgi.ebay.co.uk/OBSOLETE-POLICE-SCOTGREAT-HI-VIS-GORTEX-JACKET-XXL-B239_W0QQitemZ320108500526QQihZ011QQcategoryZ141068QQcmdZViewItem"><img border="0" src="http://thumbs.ebaystatic.com/pict/3201085005266464_1.jpg" alt=""></img></a></div></td><td class="ebcTtl"><h3 class="ens fontnormal"><a href="http://cgi.ebay.co.uk/OBSOLETE-POLICE-SCOTGREAT-HI-VIS-GORTEX-JACKET-XXL-B239_W0QQitemZ320108500526QQihZ011QQcategoryZ141068QQcmdZViewItem">OBSOLETE POLICE SCOTGREAT HI VIS GORTEX JACKET XXL B239</a></h3><span class="icons"><img border="0" src="http://pics.ebaystatic.com/aw/pics/uk/s.gif" id="sr_giftIcon_18"></img> </span><div class="navigation">JACKET IS IN EXCELLENT CONDITION, DOUBLE EXTRA LARGE <br/></div></td><td class="ebcPr"><span>£14.99</span><br/></td><td class="ebcBid"><img border="0" title="Buy It Now or Best Offer" alt="Buy It Now or Best Offer" src="http://pics.ebaystatic.com/aw/pics/uk/logos/logoBinBo_70x20.gif" align="middle"/></td><td class="ebcTim">3d 14h 26m</td><td class="ebRight"> </td></tr><tr class="single"><td class="ebLeft"> </td><td class="ebcCpr"><input type="checkbox" name="coitem" value="320108500529" onclick="compareLimitTest(this)"/></td><td class="ebcPic"><div class="ebPicture" style="width:64px;overflow:hidden;"><a href="http://cgi.ebay.co.uk/OBSOLETE-POLICE-SCOTGREAT-HI-VIS-GORTEX-JACKET-XL-B234_W0QQitemZ320108500529QQihZ011QQcategoryZ141068QQcmdZViewItem"><img border="0" src="http://thumbs.ebaystatic.com/pict/3201085005296464_1.jpg" alt=""></img></a></div></td><td class="ebcTtl"><h3 class="ens fontnormal"><a href="http://cgi.ebay.co.uk/OBSOLETE-POLICE-SCOTGREAT-HI-VIS-GORTEX-JACKET-XL-B234_W0QQitemZ320108500529QQihZ011QQcategoryZ141068QQcmdZViewItem">OBSOLETE POLICE SCOTGREAT HI VIS GORTEX JACKET XL B234</a></h3><span class="icons"><img border="0" src="http://pics.ebaystatic.com/aw/pics/uk/s.gif" id="sr_giftIcon_19"></img> </span><div class="navigation">BLUE HI VIS CHEQUE TO BOTTOM, A1 CONDITION EXTRA LARGE <br/></div></td><td class="ebcPr"><span>£19.99</span><br/></td><td class="ebcBid"><img border="0" title="Buy It Now or Best Offer" alt="Buy It Now or Best Offer" src="http://pics.ebaystatic.com/aw/pics/uk/logos/logoBinBo_70x20.gif" align="middle"/></td><td class="ebcTim">3d 14h 26m</td><td class="ebRight"> </td></tr><tr class="ebHlOdd single"><td class="ebLeft"> </td><td class="ebcCpr"><input type="checkbox" name="coitem" value="320108801368" onclick="compareLimitTest(this)"/></td><td class="ebcPic"><div class="ebPicture" style="width:64px;overflow:hidden;"><a href="http://cgi.ebay.co.uk/NEW-IN-PACKAGING-HI-VIS-STORM-COAT-EN471-CLASS-3-C58_W0QQitemZ320108801368QQihZ011QQcategoryZ141068QQcmdZViewItem"><img border="0" src="http://thumbs.ebaystatic.com/pict/3201088013686464_1.jpg" alt=""></img></a></div></td><td class="ebcTtl"><h3 class="ens fontnormal"><a href="http://cgi.ebay.co.uk/NEW-IN-PACKAGING-HI-VIS-STORM-COAT-EN471-CLASS-3-C58_W0QQitemZ320108801368QQihZ011QQcategoryZ141068QQcmdZViewItem">NEW IN PACKAGING HI VIS STORM COAT EN471 CLASS 3 C58</a></h3><span class="icons"><img border="0" src="http://pics.ebaystatic.com/aw/pics/uk/s.gif" id="sr_giftIcon_20"></img> </span><div class="navigation">SEE MY EBAY SHOP FOR OTHER STYLES &amp; BADGES FOR JACKETS <br/></div></td><td class="ebcPr"><span>£9.99</span><br/></td><td class="ebcBid"><img border="0" title="Buy It Now or Best Offer" alt="Buy It Now or Best Offer" src="http://pics.ebaystatic.com/aw/pics/uk/logos/logoBinBo_70x20.gif" align="middle"/></td><td class="ebcTim">4d 17h 17m</td><td class="ebRight"> </td></tr><tr class="single"><td class="ebLeft"> </td><td class="ebcCpr"><input type="checkbox" name="coitem" value="320108801387" onclick="compareLimitTest(this)"/></td><td class="ebcPic"><div class="ebPicture" style="width:64px;overflow:hidden;"><a href="http://cgi.ebay.co.uk/NEW-HI-VIS-BOMBER-JACKET-SECURITY-WORK-EN471-C57_W0QQitemZ320108801387QQihZ011QQcategoryZ141068QQcmdZViewItem"><img border="0" src="http://thumbs.ebaystatic.com/pict/3201088013876464_1.jpg" alt=""></img></a></div></td><td class="ebcTtl"><h3 class="ens fontnormal"><a href="http://cgi.ebay.co.uk/NEW-HI-VIS-BOMBER-JACKET-SECURITY-WORK-EN471-C57_W0QQitemZ320108801387QQihZ011QQcategoryZ141068QQcmdZViewItem">NEW HI VIS BOMBER JACKET, SECURITY, WORK EN471 C57</a></h3><span class="icons"><img border="0" src="http://pics.ebaystatic.com/aw/pics/uk/s.gif" id="sr_giftIcon_21"></img> </span><div class="navigation">SEE MY EBAY SHOP FOR OTHER STYLES &amp; BADGES FOR JACKETS <br/></div></td><td class="ebcPr"><span>£9.99</span><br/></td><td class="ebcBid"><img border="0" title="Buy It Now or Best Offer" alt="Buy It Now or Best Offer" src="http://pics.ebaystatic.com/aw/pics/uk/logos/logoBinBo_70x20.gif" align="middle"/></td><td class="ebcTim">4d 17h 17m</td><td class="ebRight"> </td></tr><tr class="ebHlOdd single"><td class="ebLeft"> </td><td class="ebcCpr"><input type="checkbox" name="coitem" value="320109314285" onclick="compareLimitTest(this)"/></td><td class="ebcPic"><div class="ebPicture" style="width:64px;overflow:hidden;"><a href="http://cgi.ebay.co.uk/OBSOLETE-POLICE-SECURI-TY-HI-VIS-JACKET-COAT-B270_W0QQitemZ320109314285QQihZ011QQcategoryZ50780QQcmdZViewItem"><img border="0" src="http://thumbs.ebaystatic.com/pict/3201093142856464_1.jpg" alt=""></img></a></div></td><td class="ebcTtl"><h3 class="ens fontnormal"><a href="http://cgi.ebay.co.uk/OBSOLETE-POLICE-SECURI-TY-HI-VIS-JACKET-COAT-B270_W0QQitemZ320109314285QQihZ011QQcategoryZ50780QQcmdZViewItem">OBSOLETE POLICE, SECURI TY HI VIS JACKET, COAT B270</a></h3><span class="icons"><img border="0" src="http://pics.ebaystatic.com/aw/pics/uk/s.gif" id="sr_giftIcon_22"></img> </span><div class="navigation">JACKET IS IN EXCELLENT CONDITION, IN MEDIUM <br/></div></td><td class="ebcPr"><span>£14.99</span><br/></td><td class="ebcBid"><img border="0" title="Buy It Now or Best Offer" alt="Buy It Now or Best Offer" src="http://pics.ebaystatic.com/aw/pics/uk/logos/logoBinBo_70x20.gif" align="middle"/></td><td class="ebcTim">6d 08h 18m</td><td class="ebRight"> </td></tr><tr class="single"><td class="ebLeft"> </td><td class="ebcCpr"><input type="checkbox" name="coitem" value="320109338411" onclick="compareLimitTest(this)"/></td><td class="ebcPic"><div class="ebPicture" style="width:64px;overflow:hidden;"><a href="http://cgi.ebay.co.uk/OBSOLETE-POLICE-SECURI-TY-HI-VIS-JACKET-COAT-B271_W0QQitemZ320109338411QQihZ011QQcategoryZ50780QQcmdZViewItem"><img border="0" src="http://thumbs.ebaystatic.com/pict/3201093384116464_1.jpg" alt=""></img></a></div></td><td class="ebcTtl"><h3 class="ens fontnormal"><a href="http://cgi.ebay.co.uk/OBSOLETE-POLICE-SECURI-TY-HI-VIS-JACKET-COAT-B271_W0QQitemZ320109338411QQihZ011QQcategoryZ50780QQcmdZViewItem">OBSOLETE POLICE, SECURI TY HI VIS JACKET, COAT B271</a></h3><span class="icons"><img border="0" src="http://pics.ebaystatic.com/aw/pics/uk/s.gif" id="sr_giftIcon_23"></img> </span><div class="navigation">JACKET IS IN EXCELLENT CONDITION, IN LARGE <br/></div></td><td class="ebcPr"><span>£14.99</span><br/></td><td class="ebcBid"><img border="0" title="Buy It Now or Best Offer" alt="Buy It Now or Best Offer" src="http://pics.ebaystatic.com/aw/pics/uk/logos/logoBinBo_70x20.gif" align="middle"/></td><td class="ebcTim">6d 11h 08m</td><td class="ebRight"> </td></tr><tr class="ebHlOdd single"><td class="ebLeft"> </td><td class="ebcCpr"><input type="checkbox" name="coitem" value="320109338418" onclick="compareLimitTest(this)"/></td><td class="ebcPic"><div class="ebPicture" style="width:64px;overflow:hidden;"><a href="http://cgi.ebay.co.uk/NEW-RAILWAY-STORM-TROUSERS-HI-VIS-TROSUERS-C59_W0QQitemZ320109338418QQihZ011QQcategoryZ11900QQcmdZViewItem"><img border="0" src="http://thumbs.ebaystatic.com/pict/3201093384186464_1.jpg" alt=""></img></a></div></td><td class="ebcTtl"><h3 class="ens fontnormal"><a href="http://cgi.ebay.co.uk/NEW-RAILWAY-STORM-TROUSERS-HI-VIS-TROSUERS-C59_W0QQitemZ320109338418QQihZ011QQcategoryZ11900QQcmdZViewItem">NEW RAILWAY STORM TROUSERS HI VIS TROSUERS C59</a></h3><span class="icons"><img border="0" src="http://pics.ebaystatic.com/aw/pics/uk/s.gif" id="sr_giftIcon_24"></img> </span></td><td class="ebcPr"><span>£9.99</span><br/></td><td class="ebcBid"><img border="0" title="Buy It Now or Best Offer" alt="Buy It Now or Best Offer" src="http://pics.ebaystatic.com/aw/pics/uk/logos/logoBinBo_70x20.gif" align="middle"/></td><td class="ebcTim">6d 11h 08m</td><td class="ebRight"> </td></tr><tr class="single"><td class="ebLeft"> </td><td class="ebcCpr"><input type="checkbox" name="coitem" value="320109338602" onclick="compareLimitTest(this)"/></td><td class="ebcPic"><div class="ebPicture" style="width:64px;overflow:hidden;"><a href="http://cgi.ebay.co.uk/NEW-RAILWAY-STORM-COAT-HI-VIS-JACKET-HI-VIS-COAT-C60_W0QQitemZ320109338602QQihZ011QQcategoryZ11900QQcmdZViewItem"><img border="0" src="http://thumbs.ebaystatic.com/pict/3201093386026464_1.jpg" alt=""></img></a></div></td><td class="ebcTtl"><h3 class="ens fontnormal"><a href="http://cgi.ebay.co.uk/NEW-RAILWAY-STORM-COAT-HI-VIS-JACKET-HI-VIS-COAT-C60_W0QQitemZ320109338602QQihZ011QQcategoryZ11900QQcmdZViewItem">NEW RAILWAY STORM COAT, HI VIS JACKET, HI VIS COAT C60</a></h3><span class="icons"><img border="0" src="http://pics.ebaystatic.com/aw/pics/uk/s.gif" id="sr_giftIcon_25"></img> </span></td><td class="ebcPr"><span>£12.99</span><br/></td><td class="ebcBid"><img border="0" title="Buy It Now or Best Offer" alt="Buy It Now or Best Offer" src="http://pics.ebaystatic.com/aw/pics/uk/logos/logoBinBo_70x20.gif" align="middle"/></td><td class="ebcTim">6d 11h 09m</td><td class="ebRight"> </td></tr><tr class="ebHlOdd single"><td class="ebLeft"> </td><td class="ebcCpr"><input type="checkbox" name="coitem" value="320109372084" onclick="compareLimitTest(this)"/></td><td class="ebcPic"><div class="ebPicture" style="width:64px;overflow:hidden;"><a href="http://cgi.ebay.co.uk/OBSOLETE-POLICE-GORTEX-OVERALLS-BOILER-SUIT-L-B304_W0QQitemZ320109372084QQihZ011QQcategoryZ141068QQcmdZViewItem"><img border="0" src="http://thumbs.ebaystatic.com/pict/3201093720846464_1.jpg" alt=""></img></a></div></td><td class="ebcTtl"><h3 class="ens fontnormal"><a href="http://cgi.ebay.co.uk/OBSOLETE-POLICE-GORTEX-OVERALLS-BOILER-SUIT-L-B304_W0QQitemZ320109372084QQihZ011QQcategoryZ141068QQcmdZViewItem">OBSOLETE POLICE GORTEX OVERALLS, BOILER SUIT L B304</a></h3><span class="icons"><img border="0" src="http://pics.ebaystatic.com/aw/pics/uk/s.gif" id="sr_giftIcon_26"></img> </span><div class="navigation">FLAME RETARDENT, SLASH RESISTANT, NAVY, LARGE <br/></div></td><td class="ebcPr"><span>£14.99</span><br/></td><td class="ebcBid"><img border="0" title="Buy It Now or Best Offer" alt="Buy It Now or Best Offer" src="http://pics.ebaystatic.com/aw/pics/uk/logos/logoBinBo_70x20.gif" align="middle"/></td><td class="ebcTim">6d 14h 16m</td><td class="ebRight"> </td></tr><tr class="single"><td class="ebLeft"> </td><td class="ebcCpr"><input type="checkbox" name="coitem" value="320109427681" onclick="compareLimitTest(this)"/></td><td class="ebcPic"><div class="ebPicture" style="width:64px;overflow:hidden;"><a href="http://cgi.ebay.co.uk/OBSOLETE-POLICE-SCOTGREAT-HI-VIS-GORTEX-JACKET-L-B229_W0QQitemZ320109427681QQihZ011QQcategoryZ141068QQcmdZViewItem"><img border="0" src="http://thumbs.ebaystatic.com/pict/3201094276816464_1.jpg" alt=""></img></a></div></td><td class="ebcTtl"><h3 class="ens fontnormal"><a href="http://cgi.ebay.co.uk/OBSOLETE-POLICE-SCOTGREAT-HI-VIS-GORTEX-JACKET-L-B229_W0QQitemZ320109427681QQihZ011QQcategoryZ141068QQcmdZViewItem">OBSOLETE POLICE SCOTGREAT HI VIS GORTEX JACKET L B229</a></h3><span class="icons"><img border="0" src="http://pics.ebaystatic.com/aw/pics/uk/s.gif" id="sr_giftIcon_27"></img> </span><div class="navigation">JACKET IS IN EXCELLENT CONDITION SIZE LARGE <br/></div></td><td class="ebcPr"><span>£29.99</span><br/></td><td class="ebcBid"><img border="0" title="Buy It Now or Best Offer" alt="Buy It Now or Best Offer" src="http://pics.ebaystatic.com/aw/pics/uk/logos/logoBinBo_70x20.gif" align="middle"/></td><td class="ebcTim">6d 18h 02m</td><td class="ebRight"> </td></tr><tr class="ebHlOdd single"><td class="ebLeft"> </td><td class="ebcCpr"><input type="checkbox" name="coitem" value="320109472659" onclick="compareLimitTest(this)"/></td><td class="ebcPic"><div class="ebPicture" style="width:64px;overflow:hidden;"><a href="http://cgi.ebay.co.uk/OBSOLETE-POLICE-GORTEX-OVERALLS-BOILER-SUIT-XL-B305_W0QQitemZ320109472659QQihZ011QQcategoryZ141068QQcmdZViewItem"><img border="0" src="http://thumbs.ebaystatic.com/pict/3201094726596464_1.jpg" alt=""></img></a></div></td><td class="ebcTtl"><h3 class="ens fontnormal"><a href="http://cgi.ebay.co.uk/OBSOLETE-POLICE-GORTEX-OVERALLS-BOILER-SUIT-XL-B305_W0QQitemZ320109472659QQihZ011QQcategoryZ141068QQcmdZViewItem">OBSOLETE POLICE GORTEX OVERALLS, BOILER SUIT XL B305</a></h3><span class="icons"><img border="0" src="http://pics.ebaystatic.com/aw/pics/uk/s.gif" id="sr_giftIcon_28"></img> </span><div class="navigation">FLAME RETARDENT, SLASH RESISTANT, NAVY, EXTRA LARGE <br/></div></td><td class="ebcPr"><span>£14.99</span><br/></td><td class="ebcBid"><img border="0" title="Buy It Now or Best Offer" alt="Buy It Now or Best Offer" src="http://pics.ebaystatic.com/aw/pics/uk/logos/logoBinBo_70x20.gif" align="middle"/></td><td class="ebcTim">6d 20h 17m</td><td class="ebRight"> </td></tr><tr class="single"><td class="ebLeft"> </td><td class="ebcCpr"><input type="checkbox" name="coitem" value="320109474407" onclick="compareLimitTest(this)"/></td><td class="ebcPic"><div class="ebPicture" style="width:64px;overflow:hidden;"><a href="http://cgi.ebay.co.uk/NEW-HI-VIS-PULSAR-REFLECTIVE-BELT-UTILITY-BELT-C164_W0QQitemZ320109474407QQihZ011QQcategoryZ395QQcmdZViewItem"><img border="0" src="http://thumbs.ebaystatic.com/pict/3201094744076464_1.jpg" alt=""></img></a></div></td><td class="ebcTtl"><h3 class="ens fontnormal"><a href="http://cgi.ebay.co.uk/NEW-HI-VIS-PULSAR-REFLECTIVE-BELT-UTILITY-BELT-C164_W0QQitemZ320109474407QQihZ011QQcategoryZ395QQcmdZViewItem">NEW HI VIS PULSAR REFLECTIVE BELT UTILITY BELT C164</a></h3><span class="icons"><img border="0" src="http://pics.ebaystatic.com/aw/pics/uk/s.gif" id="sr_giftIcon_29"></img> </span></td><td class="ebcPr"><span>£4.99</span><br/></td><td class="ebcBid"><img border="0" title="Buy It Now or Best Offer" alt="Buy It Now or Best Offer" src="http://pics.ebaystatic.com/aw/pics/uk/logos/logoBinBo_70x20.gif" align="middle"/></td><td class="ebcTim">6d 20h 21m</td><td class="ebRight"> </td></tr></tbody></table><div><input type="hidden" name="coaction" value="compare"><input type="hidden" name="copagenum" value="1"><input type="hidden" name="coentrypage" value="search"><img src="http://pics.ebaystatic.com/aw/pics/buy/byrTools/compShop/end_small.gif" height="18" width="21" border="0" alt="compare items"><input type="submit" name="compare" value="Compare" onclick="return coChangeUrl();" class="button"><span id="CompareShop">To compare items side by side, select the tick boxes and click the <b>Compare</b> button.</span></div><script type="text/javascript" language="javascript"><!--//
				var coMsg = {prev:'To compare items side by side, select the tick boxes and click the <b>Compare</b> button.',prev1:"One previously selected item.",prev2:"2 previously selected items.",limit1:"The limit for comparing items is 2.",limit2:"If you would like to compare another item, please delete one or more from your list.",select1:"One item selected",select2:"2 items selected",usechbx:'To compare items side by side, select the tick boxes and click the <b>Compare</b> button.',max:25,form:"compare"};
//--></script></form><div id="paging" xmlns="http://www.w3.org/1999/xhtml"><table width="100%" border="0" cellspacing="0" cellpadding="4" bgcolor="#dddddd"><tr><td width="100%" valign="top"><b>Page 1</b> of 2<br/><table cellpadding="0" cellspacing="0" border="0"><tr><td valign="middle" nowrap="nowrap"><img src="http://pics.ebaystatic.com/aw/pics//icon/iconLtArrowG_20x20.gif" alt="Previous Page" height="20" width="20" border="0" align="absmiddle"/><span class="help">Previous</span>    </td><td valign="middle"><b>1</b>  |  <a href="/execeurope_HI-VIS-CLOTHING_W0QQcolZ4QQdirZ1QQfclZ3QQfsubZ10082354QQftidZ2QQlnsZ2QQpZ2QQtZkm">2</a></td><td valign="middle" nowrap="nowrap">    <a href="/execeurope_HI-VIS-CLOTHING_W0QQcolZ4QQdirZ1QQfclZ3QQfsubZ10082354QQftidZ2QQlnsZ2QQpZ2QQtZkm">Next<img src="http://pics.ebaystatic.com/aw/pics//icon/iconRtArrow_20x20.gif" height="20" width="20" alt="Continue" border="0" align="absmiddle" title="Continue"/></a></td></tr></table></td><td align="right" nowrap="nowrap" valign="top"><form action="/execeurope_HI-VIS-CLOTHING_W0QQcolZ4QQdirZ1QQfclZ3QQfsubZ10082354QQftidZ2QQlnsZ2QQtZkm" method="get" style="margin:0;padding:0;display:inline;"><b>Go to page</b><br/><input name="fgtp" size="3" type="text"/> <input type="submit" value="Go"/><input type="hidden" name="fhpg" value="2"/><input type="hidden" name="fcpg" value="1"/></form></td></tr></table></div></td></tr></table><br></td></tr><tr><td colspan="3" height="15"><img src="http://pics.ebaystatic.com/aw/pics/s.gif" width="1" height="50"></td></tr></table><table width="100%" border="0" cellpadding="0" cellspacing="0"><tr bgcolor="D54A4F"><td width="100%"><img src="http://pics.ebaystatic.com/aw/pics/spacer.gif" width="1" height="53"></td><td align="right"><img src="http://pics.ebaystatic.com/aw/pics/storefronts/storebuilder/themes/thm02_c2/ftrRt_140x53.gif" width="140" height="53"></td></tr></table><table width="100%" border="0" cellspacing="0" cellpadding="0"><tr><td height="3"><img src="http://pics.ebaystatic.com/aw/pics/s.gif" width="1" height="3"></td></tr><tr><td height="8" bgcolor="#D54A4F"><img height="1" src="http://pics.ebaystatic.com/aw/pics/s.gif" width="1"></td></tr><tr><td height="3"><img src="http://pics.ebaystatic.com/aw/pics/s.gif" width="1" height="3"></td></tr></table><table width="100%" border="0" cellpadding="0" cellspacing="1" bgcolor="#CCCCCC"><tr><td><table width="100%" border="0" bgcolor="#FFFFFF"><tr><td nowrap><b>An eBay Shop maintained by:</b>    
									<a href="http://myworld.ebay.co.uk/execeurope/">execeurope</a><img src="http://pics.ebaystatic.com/aw/pics/s.gif" width="4" border="0">( <a href="http://feedback.ebay.co.uk/ws/eBayISAPI.dll?ViewFeedback&amp;userid=execeurope">380</a><img align="absmiddle" border="0" height="25" width="25" alt="Feedback score is 100 to 499" title="Feedback score is 100 to 499" src="http://pics.ebaystatic.com/aw/pics/uk/icon/iconTealStar_25x25.gif">)<span> <img src="http://pics.ebaystatic.com/aw/pics/s.gif" width="4" border="0"><a href="http://members.ebay.co.uk/ws/eBayISAPI.dll?ViewUserPage&amp;userid=execeurope"><img src="http://pics.ebaystatic.com/aw/pics/uk/aboutme-small.gif" align="absmiddle" border="0" alt="About Me" title="About Me" height="8" width="23"></a><img src="http://pics.ebaystatic.com/aw/pics/s.gif" width="4" border="0"></span><a href="http://stores.ebay.co.uk/execeurope"><img src="http://pics.ebaystatic.com/aw/pics/uk/icon/iconStoresNW_20x20.gif" align="absmiddle" height="20" width="20" alt="Member has an eBay Shop" border="0"></a></td><td width="21%" align="right" nowrap>  <a href="http://cgi6.ebay.co.uk/ws3/eBayISAPI.dll?StorefrontLogin&amp;usage=1">Seller, manage Shop</a></td></tr></table></td></tr></table><table width="100%" border="0" bgcolor="#FFFFFF"><tr><td><img src="http://pics.ebaystatic.com/aw/pics/s.gif" width="1" height="1"></td></tr></table><table width="100%" border="0" bgcolor="#FFFFFF"><tr><td><a href="http://rss.api.ebay.com/ws/rssapi?FeedName=StoreItems&amp;siteId=3&amp;language=en-GB&amp;output=RSS20&amp;storeId=191957955"><img align="absmiddle" border="0" src="http://pics.ebaystatic.com/aw/pics/buttons/btnRSS.gif"></a> | <a href="javascript:popup('http://pages.ebay.co.uk/help/welcome/contextual/rss.html')">Learn more about feeds</a></td></tr></table><table width="100%" border="0" bgcolor="#FFFFFF"><tr><td><img src="http://pics.ebaystatic.com/aw/pics/s.gif" width="1" height="1"></td></tr></table><div class="toolsFooter" xmlns="http://www.w3.org/1999/xhtml"><span>Tools:</span><a href="http://my.ebay.co.uk/ws/eBayISAPI.dll?MyeBay&amp;CurrentPage=MyeBayAllFavorites&amp;favoritenav=1&amp;ssPageName=FAV:T:MEF">My eBay Favourites</a> | <a href="http://contact.ebay.co.uk/ws1/eBayISAPI.dll?ShowEmailAuctionToFriend&amp;type=4&amp;itemids=220106435572,220106750421,220106750565,220106750568,220106750575&amp;thits=35&amp;id=191957955&amp;backuri=http%3A%2F%2Fstores.ebay.co.uk%3A80%2Fexeceurope_HI-VIS-CLOTHING_W0QQcolZ4QQdirZ1QQfclZ3QQfsubZ10082354QQftidZ2QQlnsZ2QQtZkm">Email this Shop to a friend</a></div></td></tr></tbody></table><script language="JavaScript"><!--
var eBayTRPageName="TR_StoreFrontListings";var eBayTRDisplayName="My eBay Store - Listings";var eBayTREiasId="nY+sHZ2PrBmdj6wVnY+sEZ2PrA2dj6wFmYOoDZeLpAmdj6x9nY+seQ==";var eBayTRItemId="";var eBayTRItemTitle="";var eBayTRListingFormat="";var eBayTRStoreSearchTerm="";var eBayTREvent="";var eBayTRHomePage="true";var eBayTRInactive=false;

//--></script><script type="text/javascript" language="JavaScript"><!--
var pageName = "StoresCustomCategoryInStore";

var writeLL = 1;


//--></script><script type="text/javascript" language="JavaScript"><!--
var SBR = ";;;;;;;;;;;;;;;;;;;";
var FND2 = ";;;";
//--></script><script type="text/javascript" language="JavaScript">
				ebay.oDocument.oPage.createConfig = function() {var  c = ebay.oDocument.addConfig(new EbayConfig('EBX.CrossLinking'));c.sLayer='ebx_layer';c.sHTML='<table align="center" style="border:2px solid #0098CF; margin-bottom: 15px;" width="85%" cellpadding="0" cellspacing="0" bgcolor="#EDF9FF"><tr valign="middle"><td width="36" style="padding: 0 10px 0 10px;"><img align="middle" src="http://pics.ebaystatic.com/aw/pics/icon/iconInfo_16x16.gif" /></td><td width="80%" nowrap="nowrap" style="padding-right:10px" >You\'ve left eBay Express.</td><td align="left" nowrap="nowrap"><a href="http://www.express.<#1#>/">Shop again on eBay Express</a><span style="margin:0 10px 0 10px;">|</span><img align="bottom" src="http://pics.ebaystatic.com/aw/pics/express/icons/iconCart_15x10.gif" alt=""/> <a href="http://cart.express.<#1#>/ws/eBayISAPI.dll?ExpressCart&action.view=&from=Header">Shopping Basket<#2#></a></td><td width="135" nowrap="nowrap" style="padding: 0 20px 0 20px;"><img align="top" src="http://pics.ebaystatic.com/aw/pics/express/logos/logoExpressUK_131x20.gif" alt=""></img></td><td nowrap="nowrap" width="26" align="left"><a href="#1" id="b_close" name="b_close"><img align="middle" border="0" src="http://pics.ebaystatic.com/aw/pics/buttons/btnExpressClose.gif" alt="" ></img></a></td></tr></table>';c.sCartCountText=' (<#1#>)';c.sClose='b_close';c.aHost={'0':'ebay.com','77':'ebay.de','2':'ebay.co.uk','15':'ebay.com.au'};c.aHideOnParams=["fromebxris=1", "fromebxrisZ1"];} ;ebay.oDocument.oPage.createConfig();</script><br><br><table border="0" cellpadding="0" cellspacing="0" width="100%"><tr><td class="pipe"><img src="http://pics.ebaystatic.com/aw/pics/s.gif" width="1" height="10"><br><a href="http://pages.ebay.co.uk/community/aboutebay/?ssPageName=f:f:UK">About eBay</a> |
			<a href="http://pages.ebay.co.uk/community/index.html?ssPageName=f:f:UK">Announcements</a> | <a href="http://cgi1.ebay.co.uk/aw-cgi/eBayISAPI.dll?RegisterShow&amp;ssPageName=f:f:UK">Register</a> |
			<a href="http://pages.ebay.co.uk/safetycentre/?ssPageName=f:f:UK">Safety Centre</a> |
			<a href="http://pages.ebay.co.uk/help/policies/index.html?ssPageName=f:f:UK">Policies</a> |
			<a href="http://pages.ebay.co.uk/services/forum/feedback.html?ssPageName=f:f:UK" onClick="return openHelpWindow(this.href);" target="helpwin">Feedback Forum</a> |
			<a href="http://pages.ebay.co.uk/sitemap.html?ssPageName=f:f:UK">Site Map</a> |
			<a href="http://pages.ebay.co.uk/help/index.html?ssPageName=f:f:UK">Help</a></td></tr><tr><td height="4" colspan="2"><img src="http://pics.ebaystatic.com/aw/pics/s.gif" width="1" height="1"></td></tr><tr><td bgcolor="#CCCCCC" height="1" colspan="2"><img src="http://pics.ebaystatic.com/aw/pics/s.gif" width="760" height="1"></td></tr><tr><td height="4" colspan="2"><img src="http://pics.ebaystatic.com/aw/pics/s.gif" width="1" height="1"></td></tr><tr class="help" valign="top"><td class="navigation">
			Copyright © 1995-2007 eBay Inc. All Rights Reserved. Designated trademarks and brands are the property of their respective owners. Use of this Web site constitutes 	acceptance of the eBay
				<a href="http://pages.ebay.co.uk/help/policies/user-agreement.html?ssPageName=f:f:UK" target="helpwin" onClick="return openHelpWindow(this.href);">User Agreement</a> and
			<a href="http://pages.ebay.co.uk/help/policies/privacy-policy.html?ssPageName=f:f:UK" target="helpwin" onClick="return openHelpWindow(this.href);">Privacy Policy</a>.<br><img src="http://pics.ebaystatic.com/aw/pics/s.gif" width="1" height="10"></td></tr></table><div id="cobrandFooter"> </div><script src="http://include.ebaystatic.com/js/e509/uk/ebayfooter_e5092uk.js"> </script><p></p><table border="0" cellpadding="0" cellspacing="0" width="100%" xmlns="http://www.w3.org/1999/xhtml"><tr><td class="navigation" width="100%"><a href="http://cgi1.ebay.co.uk/aw-cgi/eBayISAPI.dll?TimeShow">eBay official time</a> Page last updated: 03-May 23:28:47 BST </td></tr></table><!--srcId: StoreFront--><!--Arg1: vo.rusqv641--></body></html>

 ,i "1= cBno ef8